$ANSIBLE_VAULT;1.1;AES256
66396235666261643738313264323131346233313136303662666235363932323830303839613064
3164613730363739633938626665356633383032303539340a333563343733336362653365663339
30336332613932666661653637353663646364663839363766313830363266363635316635613434
6330393633633861660a353737396632356666366165653131363366343466386135353239303665
37363732373030343532393834313532306534376366303130313832636237653030353466363236
66313965383233633066353036626463393434666161626361336466363132643633306663646530
33616137383332396263353835336537396665326632333232363162386661326532373662633832
38393961653664663765396334363862346462353866343537326463326631346137376262393633
35303635643032316539346533663764383936653034663062393637666333346634613864383631
35633363623931353465303664343863393163653236313130613036636538643537623631653666
38353434626264326136376563626663623962366439626134306132633335336465393237333734
63363030316238393137386439646632326239666134383537366535373031393062353933353664
65346164616333613139316135373238393833663565313762343234333838396439633637326535
63643239373266613337643064343865323332653137363061613639303337366633613233623465
30613562633939396562396564656666373236666333623932363734323964653430373435363964
30633165346430343262363265303734646234383864366638346338303439623634616561633539
61613365643331376162313665346261646537373434363338383739353266393835636235653338
66326364623534636364353933393165303837626535323530663665383237303663663963636662
63383838376536323635383130376537353464626337316538343539353264623862636463383637
36366432303464653534343962326538316234383966316235356634646237336132383831396332
66613734376539366435373064306431353434326331336531306131643566643833386465333733
33636236643939653063646130383938626161396262366538623431666436363664633436633664
31393964343732323131303964663032343461323434373239656634306531393063636365313966
62653066653765306138663438623861656162383463626131623963353439346232343538646639
61316365393734363666333332633961653838643666383539613139313231333461363564383537
37386236333965306331313434373837363438353035353530396130313133303832373066326366
64353565306163393831346531616634303465636461366531653163396630393637633562356434
34323434656466393134613062366332656332333234323562636566346362303032346431303766
35363530363263363730373061386462333465323832366165336466353732653439633234643837
31386237643535646565386639326130623563343935376630323431333037376232663361363064
65383436386239656162646563343666366635343462663830663261393065356563353433666438
64333031623030393464613362643963363935626132363939616437643037656138363766663364
31636631636339323861306663393633376262656539373030663236343764303538653763353862
31663337316638616539666335376638386464383733633039356639356630373835353736343838
64623137393932643333383863303261376362653139376239646663633337623839393365303362
34383264663933346165373037313339343763653135633561356132636138313063653662626161
38663731623834633138303266633739363862636238376263373435616463623564646561653333
32653231303134656164613363623930393464623136303962343233376532346533663662376131
35643665316334346266623830383330323639663434373865386234653539313933363835663034
36326633306166666630363135613566373738336361356636363463333934353031326433383233
30323438613139343632313864386131383363396535653938303234336164393964636131396132
61373535636235356166363136633266396632393965343233343563393665373761386166643130
33356263326563666534653966323363343464323434663466313366653935633439326538313366
65386465376530373066313333326261613162386165313130376462303566313937663531363666
63363139643038363465356564653362356236616532336263666331616633393861643062393163
63303766636164623961666332313164336133643361613334323530313466656339303265613133
61613562303336333833306137656633353336333039383136643337306464346631346335626466
38353666393635386663633035306662333265663364373534336333313237666666323165383562
66366139633963623533393262616165343032353330316131643261613233353863333464663531
63336234643639366531396637303036376139333232376432623066666238303637376438303461
62306430326133346430383662306133666430386537326435393161653061383034376135313361
63383034376535356466376166623362393832326331636131336138353830643635333862373264
65303833346134343237653064656230663339393239643332663131363364333764646435303465
37393635383738336131633330396138306338363833353036336532393831336662386165346239
34373766666631376434356262306330393038393462643435656563356637386232323765323564
36646435373439323938313464356437343733663132633363306664633034393830363734313064
30343236383566343231323838316237363233343834653939656534386338313338633531303032
62363134643361626236613139356331396466373634363639373032623831646562326634313862
66356231633632333839323431343230636561383737343739393933343739616631343132343661
37316233353762323536346638353733663835373665666336653530356361373663623238653162
36306236313263343832383433653231366363396433323130346266373533663964353032366130
34333437656163323039626231373565373638396266653638343537616466363337313836353663
31386266616231356262663063326363343730636463333462613063396434616332366162643632
39636139663631333362343930393636303233376232313932393630366463356262303435323630
35653535333935386166666535313162373431336131386334343833353338306437353532633035
61383462353432613038636438383864383830313066613037363035613062316339356465363161
65393266313135393461636537343764333230626431336262633564303964323966326131306637
39353165666335396231316165383861653534313630373031343535333036336439386136376363
36653031643936633831373834383464326565623339336464643531663731323833323737366663
63313166623764393561653266323665363866633162393035363762333332323162386666633439
66663263616630393937623935313162643061623037623439303132393366366333393964373561
39333535323539323262623964333234653066396537323932396161316263656261303264336366
66383835323465323231306536616663633131626439363132396166333631373733633236323464
30363361643036326264333534346535656639393135346639663037356331346266363236613466
66613035633134643365353064613532383962343064396537346432656231666639626131623536
33613261616165356238326333353231643430363736653866373266373734386638623632636663
36383662363663333434613437306265643663336638623236306162373238396434623762303137
62396136633962343039313030663332306461343430383264393731643363366634656638366634
32633062313338613734343962643662383730626561613731316335383166383634633435613137
62336665346133316462333635363733393734333730653364643834646431363239303864383835
36616231653264626665323931303666373833356166626164333062316361333032336537663530
63653666636237343430666463653261383637326436396165353866616137366436613463303135
36656635326536323035613563346539633636633939336630313036616231316166643537643538
63646133663037383966333865306661616531343961643432333865623262633034386536333737
63663637306564363330386233363263626131396466623262326239633336363336346462313236
36353265623833366364346636376534343334303165636533323336373737646561396165663663
37316161613565373831653536313362373232656439366234333662646263613762346662373637
37396438363138636136396332353839613538663463333861613633313637653036613236646138
37353462353466666162323539383563656266646662636439396539663365343134363331316638
34653961323136633931343064323838626134326333623830643532386263376261396564383565
64363636636235386633363839633534616666646166326136666538386266323632346530393661
36313733346134636135303739353663656263396666653039653564653136313531333930323634
35303035656562316663363736333435643038626432353961313164313139633433633930633335
63623966366632326561336234323631313539653365393231396632366539643237353030356333
35623461613265643537383261383764303938643338396335653038373834393838363965326634
30636432366638343961663738346235313336346339663239613435313165666134333566353136
36323738353533346139326134633031366666643666396337646539376235356433633862383833
66383335633965333831343565663462343335393963326162636530373762653261623633366465
30633737336162653735323131353637343761616531663139613163393330663135313831383933
37336161643662636636643762323863343134336666383935396339353964396132656166613839
63396661363933626366666234363565623962313262623064373066633632633531333232633862
62376539353338633965313835653839383732336161363236396530653239373365656234383665
34356234333064633534396333353837366465616432376162306133356339303431666231643463
33353239356533366136393832306562653435333134343238356330633664366538616261643265
31306233363433353761656233306236376637613366666566393164313338376331303335323235
32333063616135313432316365386530663533643239343233623536366364333832663730306536
64653832356363613235663838393464616438323030646534343064623236326636663737316239
33666366636332363730343231363135386437626635323363646535333133313333653831343831
63323135303035343064306439366633613637366138303937356430376261333037666134353061
31616462373633623762613365353261313238623735636534656239626335363536613633393831
34343966333539646563366435333339623666656464316532376562376137663732316161336561
33666235393138303362613731383433623434373035376262386438663163303531643433623464
63626639306566313166653030613836613736623733303366613766313063313363303364386339
33353261333764633739343839663337633961336162643737613232316538343632326136633831
66653932666134623036363539326464343634643334313164636330386364373136343364663733
35643265393361363365373134353937643537356135326264623962646666653765653535313832
65613964356361396430336466653035616431643837356637653961613834616138
