$ANSIBLE_VAULT;1.1;AES256
31326361623133326164333165383139303637313863303264653634623131336537396530663962
3337306531386632306666363966316161383533613563650a376161363131346562353238643164
30616630666339393263383838353934393538356465623938323863666534633231353362613538
6361353539303062340a613939396138616233316261303536616334663033653166616537653930
65646262393136666134666564363664393936656431656162643231316661356139326232653731
64363030366661393231636432666539333762373130653334616537303162356664346138666232
34613936306439346337633331346130366235336362666434633037386232646265316263396133
37663335346462313736336561346164626634643765333435343038656665323765663763346236
35623031313736376231343661323864336661303564393334303930623665343862613334353238
30356138663536666532646161313233653738313765376362303838396565303533326638626430
39376535623035386338363433353530393465343938646565623362663665646363353132363438
66613761346465326639633730653330646437353937366337343861373039616635383761343836
65313136636261356565353839386666323735656237623131346363323239336239333935363036
36653434366330313730373264653863613465333638643132393465376663653131306536343538
37346633323137326530393537313462626532633134666166343937623735323866613862326534
31366362666534396536653731666566633266653132623138393633393661356432653438656439
31326233343264353932343966616430376666366230363935313866363932393734613835373832
38346566663337383236643565633432343361353833613931376162656436633565356164333362
63616434623762666634656163663865323961343165653836346363393435653861323233643436
37353731623436326335653439363432356436653537666664666466373335323666346338383061
38613964663764653138363239636237653762323938646262656562303965303133626263343939
39333334353865373461373766323134303665643561663161303737636233656336353632303939
30346465383237636537306563643030393239396133353838356139333439653034643538383664
32616533303830336135636463336461626262343262306534313465633266316464656338616661
62633363656537383437383638653633336638343866336132313437386662336434396133666331
61386437396566646638313637343764386134376566356266626436653731643333623232656534
62396433353935656430656634653138373033313232373164666566613763376630383734393464
36396337363665396162636534353965376130663739383333343666303235666530653465333863
62393731363665353836353430323664376639306666343037396233316162616561356331623631
30383264363538346537663166616465646262663364333036373631353734623230653866633436
35336134643763626639656665613837316637313233633461643539656361326537303337653865
64373362363566373563613662366539373231663166353438343562636531346162336465326335
62336330373163633862613135626530633363336362343532653862366133393537306163313661
32323836613465626665393733383434396661373037326364623636313431633265373062373065
62343730393839376431633431383963343438633532313830326161386439643963656463626136
32353262626631326665353465333363323732663461663234333262623063666139316361373731
66303162633534633234393266313233363532393033643438316637376430613834313566333762
39353334323930353532393163633731666333633666346461663263643061663266626262653263
39323233386365373131653734316239366666326438633136633238336537366161656431346139
63333665366235383531666638313033653363393566336230326236326530613239326165613132
65333436376237646539633461333234336461343436646536636536346139393331663638343734
31636437373534326466363531633438623834663637323236356664633365326362383262396132
35353561336232633630393234383133613538666233323763313061363734353131653065333136
30663438303039306330303666303733663335353232666266383635313365653630383534643862
63356632626265623531393734306532656539303434396564343539316230636361656539313761
30623530666333376664623066363661366430666234386666636537393263653234616466393362
30323262393135626531616537633338313636393433656161386334623666336162353830353038
35386665326433663262653561383862386464353234393437393361343766326132306535363530
63336432326339663861303762316365373266666263366462333733323531313435616632666637
33623764313265303138633966653065303333326532343137376531383534376131376234396635
34393864613465383865333564393431663062373433373563646533333034666433393133366434
35376538363432333636653065396466633934326461356533623465333735653535356261616333
30663030626435663436666138343062633738343533363366653565663438303065643036623663
31393664613933646338636136303432323134373162366266323166316238663037386633626561
62346531333632643862323830383964386237616631323636323961666363333265613463633562
31376366323638373461393737353164306366313232313161326635363465663030373265616431
65663633356662303534633735633435376465353466373134643164373233303939383637363236
63646265636164323535373161363364316166306235633535373365326536313937366165633766
36633738623836333833373266363733323163343465666566353864326663396165643462633830
38313332396465316431613938363662643939663838643865626637643830366239353532396333
34306465616639653265613435653461363138653137323532653931323232356530613135616262
38653032316263663435646335656633343866643336613864346337633430333635316637626437
64613435613936613839626435636338636265363930306363376538366430613366623834383733
39343239333765363861376366613065643933376264356233326533323032626232663762653730
34373435323362303237616534653233323936336235396464653934613263633262373633656532
35363564343266363836366333366538663439643039613634323938656162383034393730303166
62643237303034643838363537336465343037363534653664636538303632643166613034336337
65613130306564666462306536626338656339626335656530373463653837303830386233623532
66313765363864323733353861663730306234613732336133393530373837653664663865626435
61376664323935363162393332336436383330343730663938626636656161373264396336623035
63356235356239653333626334636433373739663261643738613837326162313633393330306334
38613331353634323266323161323039303736616531386661363930353564313232646237623465
30616339383630636261643332633163393232316463353461383335646437636639313962373033
62323234313363313637386132626330653638393439303166663739303734663135343931396433
35386530396565353861656337633862373339366461386231346362343539646435643432313663
65373165616262636432313432636663386462303836393430333562626531613637376330326633
65383166616165666639343966636231353730366162303438323736663531343466313632626164
36346131643061393365313132343539353239313733653863393264356534363335303531396432
39313065346534396137626235636264343535373634376339323931646534396533356133356238
32643331646333346435663935376661666535333733323661616137376634643362656639383238
61366434336464316664663063356363666535653732393662666339306632666166373035663866
34623564313233356466626363346566393066323363643533343533396562393063616330626437
66393237383633336565333832633632646261336538333333626433343361333031393630343435
37316662356433373263373235643165336566326231653666393839623865646137616535303331
36396131326136633534333536626533613838616262626632306561323166636236313634636332
64613239613932343266616362376431313431316238633365383438343233623438393332623233
62303631346336633234306337306662393465353132633434373737636231303431633266383130
34653739386132633932
